function f=example8_16(x)

f(1)=2100*x(1)+4800*x(2);
f(2)=-3600*x(1)-6500*x(2);

end

